1.35669 0.750478 -0.576612
1.59789 0.801232 0.385294
1.25771 0.167271 0.23123
1.11468 0.168579 -0.527006
1.91655 0.972514 -0.194558
1.73757 0.347323 0.528798
1.26068 0.133071 -0.134184
1.5307 0.404966 -0.799939
1.69113 0.644551 -0.550595
1.816 0.646822 0.179172
1.66316 0.0934675 0.181703
1.57874 0.0970135 -0.532272
2.58241 0.233972 -0.274672

550.8 46
61.2 46
61.2 414
550.8 414
306 46
61.2 230
306 414
550.8 230
428.4 138
183.6 138
183.6 322
428.4 322
306 230

Camera head 3d pos:
0.752089 0.480552 -0.0894386

Camera head mat:
-0.0975616 -0.297329 0.949777 0.752089 
0.0153375 0.953767 0.300154 0.480552 
-0.995111 0.0438507 -0.0884908 -0.0894386 
0 0 0 1 

Camera calibration ok...
Tvec:
0.699839 0.544331 -0.0215449
Rot:
-0.102375 0.00930864 -0.994702 
-0.193805 -0.980981 0.0107662 
-0.975684 0.193881 0.102232 
