1.59412 0.897464 -0.602459
1.69686 0.907061 0.316922
1.4921 0.264664 0.253963
1.47138 0.216555 -0.622155
1.87261 1.01944 -0.180073
1.72033 0.534183 0.366162
1.50739 0.217424 -0.156005
1.69511 0.538457 -0.762949
2.1142 0.834456 -0.665283
2.09064 0.80583 0.223191
1.91296 0.208234 0.195812
1.9019 0.193179 -0.604532
2.36928 0.460236 -0.26688

275.4 206
30.6 206
30.6 22
275.4 22
153 206
30.6 114
153 22
275.4 114
214.2 160
91.8 160
91.8 68
214.2 68
153 114

Camera head 3d pos:
0.937603 0.584166 -0.0892631

Camera head mat:
-0.114821 -0.30489 0.945441 0.937603 
-0.00263201 0.951825 0.306629 0.584166 
-0.993383 0.0327192 -0.110092 -0.0892631 
0 0 0 1 

Camera calibration ok...
Tvec:
1.05795 0.629366 -0.101663
Angles:
-1.98652 -1.36607 1.98265
Rot:
-0.0813817   0.186298   0.979117    1.05795
   0.01152   0.982486  -0.185982   0.629366
 -0.996616 -0.0038561 -0.0821025  -0.101663
